0.300000 0.998569 0.025078 0.047230 0.000120 -0.028381 0.997100 0.070612 -0.000005 -0.045323 -0.071852 0.996385 -0.000005
5.950000 0.998667 0.023947 0.045718 0.007386 -0.027260 0.996940 0.073266 -0.860563 -0.043824 -0.074415 0.996264 0.585552
7.100000 0.998663 0.023316 0.046135 0.015006 -0.026720 0.996854 0.074613 -1.796191 -0.044250 -0.075746 0.996145 1.230458
8.100000 0.998637 0.023665 0.046529 0.005341 -0.027035 0.996952 0.073189 -2.636753 -0.044655 -0.074347 0.996232 1.798650
9.100000 0.998721 0.022276 0.045390 0.012114 -0.025574 0.996972 0.073430 -3.466677 -0.043616 -0.074497 0.996267 2.356565
10.100000 0.998558 0.023874 0.048074 0.013151 -0.027366 0.996932 0.073327 -4.292256 -0.046176 -0.074537 0.996149 2.921034
11.150000 0.998708 0.022769 0.045428 0.022417 -0.026044 0.997002 0.072861 -5.155748 -0.043633 -0.073950 0.996307 3.507907
13.400000 0.998695 0.023250 0.045469 0.021579 -0.026474 0.997078 0.071650 -5.986267 -0.043671 -0.072760 0.996393 4.089273
14.400000 0.998699 0.023094 0.045466 0.025729 -0.026326 0.997069 0.071834 -6.809589 -0.043674 -0.072938 0.996380 4.656927
16.850000 0.998691 0.022234 0.046060 -0.457269 -0.025533 0.997056 0.072307 -7.527329 -0.044317 -0.073388 0.996318 5.174199
17.950000 0.998656 0.025455 0.045143 -1.465009 -0.028754 0.996843 0.074012 -7.526021 -0.043116 -0.075210 0.996235 5.217547
19.050000 0.998745 0.020956 0.045497 -2.474061 -0.024261 0.997011 0.073357 -7.497000 -0.043823 -0.074369 0.996267 5.256184
20.200000 0.998768 0.019152 0.045778 -3.522924 -0.022502 0.997017 0.073834 -7.476163 -0.044227 -0.074773 0.996219 5.294442
21.300000 0.998657 0.019871 0.047846 -4.536580 -0.023386 0.996979 0.074069 -7.442252 -0.046230 -0.075088 0.996105 5.346036
22.400000 0.998703 0.018381 0.047476 -5.548492 -0.021868 0.997017 0.074014 -7.411257 -0.045974 -0.074957 0.996126 5.387764
24.650000 0.998720 0.018404 0.047111 -6.279948 -0.021828 0.997076 0.073232 -6.775299 -0.045626 -0.074167 0.996202 5.013653
25.650000 0.998756 0.017229 0.046799 -6.286702 -0.020613 0.997133 0.072803 -5.950366 -0.045411 -0.073677 0.996248 4.444745
26.650000 0.998816 0.016582 0.045737 -6.285074 -0.019868 0.997182 0.072338 -5.117996 -0.044408 -0.073161 0.996331 3.887079
27.700000 0.998682 0.017622 0.048208 -6.305066 -0.021092 0.997149 0.072454 -4.254303 -0.046794 -0.073376 0.996206 3.294648
28.750000 0.998607 0.018199 0.049530 -6.316207 -0.021796 0.997088 0.073077 -3.380401 -0.048056 -0.074055 0.996096 2.704656
29.750000 0.998776 0.015207 0.047077 -6.323612 -0.018394 0.997514 0.068022 -2.559825 -0.045925 -0.068805 0.996573 2.133128
30.800000 0.999163 0.013962 0.038441 -6.325680 -0.016698 0.997281 0.071782 -1.682872 -0.037334 -0.072364 0.996679 1.554085
32.200000 0.998706 0.017150 0.047867 -6.345443 -0.020566 0.997206 0.071820 -0.854338 -0.046502 -0.072711 0.996268 0.978242
33.250000 0.998734 0.016508 0.047523 -6.353109 -0.019924 0.997182 0.072331 0.007266 -0.046195 -0.073187 0.996248 0.393061
37.550000 0.999391 0.017933 0.029937 -6.362747 -0.020090 0.997101 0.073385 0.837944 -0.028534 -0.073942 0.996854 -0.171483
40.350000 0.998748 0.018632 0.046435 -6.169452 -0.021987 0.997103 0.072811 0.021303 -0.044944 -0.073741 0.996264 0.372428
41.500000 0.998677 0.020610 0.047104 -5.114807 -0.023999 0.997076 0.072551 -0.007207 -0.045471 -0.073586 0.996252 0.333710
42.650000 0.998697 0.022123 0.045982 -4.053302 -0.025483 0.996945 0.073834 -0.023899 -0.044208 -0.074909 0.996210 0.269028
43.800000 0.998709 0.024134 0.044704 -3.016661 -0.027307 0.997046 0.071787 -0.070772 -0.042840 -0.072915 0.996418 0.230066
44.900000 0.998653 0.026478 0.044617 -2.012117 -0.029737 0.996811 0.074048 -0.112154 -0.042514 -0.075275 0.996256 0.194261
46.000000 0.998645 0.028235 0.043716 -1.003855 -0.031396 0.996809 0.073395 -0.133273 -0.041504 -0.074668 0.996344 0.151330
51.200000 0.998654 0.029447 0.042707 -0.117462 -0.032595 0.996651 0.075000 0.234035 -0.040355 -0.076291 0.996269 -0.157136
53.850000 0.998627 0.023655 0.046749 -1.135305 -0.027107 0.996841 0.074648 0.361078 -0.044836 -0.075813 0.996114 -0.198743
54.950000 0.998642 0.022371 0.047051 -2.140462 -0.025837 0.996894 0.074400 0.392450 -0.045240 -0.075514 0.996118 -0.141363
56.050000 0.998685 0.020841 0.046846 -3.148145 -0.024236 0.997028 0.073127 0.431055 -0.045183 -0.074166 0.996222 -0.097261
69.100000 0.998672 0.019738 0.047587 -4.147781 -0.023259 0.996942 0.074597 0.450548 -0.045969 -0.075605 0.996078 -0.049214
70.200000 0.998676 0.018874 0.047855 -5.153342 -0.022367 0.997041 0.073541 0.483517 -0.046326 -0.074514 0.996143 -0.010780
71.300000 0.998693 0.017865 0.047887 -6.158231 -0.021320 0.997132 0.072623 0.518361 -0.046452 -0.073549 0.996209 0.038255
73.400000 0.998681 0.017910 0.048111 -6.240917 -0.021407 0.997089 0.073186 -0.311617 -0.046660 -0.074119 0.996157 0.590160
74.450000 0.998721 0.018296 0.047143 -6.225927 -0.021697 0.997120 0.072665 -1.168570 -0.045678 -0.073594 0.996242 1.177842
75.450000 0.998748 0.018149 0.046613 -6.217562 -0.021858 0.996529 0.080331 -1.996731 -0.044993 -0.081250 0.995678 1.739332
76.750000 0.998694 0.018602 0.047577 -6.215128 -0.022060 0.997073 0.073209 -2.827065 -0.046076 -0.074163 0.996181 2.299022
79.400000 0.998706 0.017759 0.047648 -5.379143 -0.021116 0.997259 0.070908 -2.371652 -0.046259 -0.071822 0.996344 1.961376
80.500000 0.998772 0.017993 0.046160 -5.383310 -0.021346 0.997089 0.073200 -1.480788 -0.044709 -0.074095 0.996248 1.339028
81.500000 0.998758 0.017450 0.046664 -5.391886 -0.020810 0.997150 0.072523 -0.652093 -0.045265 -0.073404 0.996275 0.776718
83.600000 0.998699 0.019560 0.047083 -4.831563 -0.022935 0.997123 0.072243 0.041096 -0.045535 -0.073228 0.996275 0.275139
85.700000 0.998717 0.020270 0.046412 -4.244769 -0.023627 0.997056 0.072950 -0.653337 -0.044797 -0.073953 0.996255 0.710567
86.700000 0.998673 0.020362 0.047305 -4.244090 -0.023830 0.996978 0.073935 -1.487785 -0.045656 -0.074964 0.996140 1.268970
87.700000 0.998722 0.020275 0.046288 -4.233398 -0.023692 0.996939 0.074512 -2.316715 -0.044635 -0.075513 0.996145 1.833923
88.750000 0.998762 0.019705 0.045672 -4.226618 -0.023108 0.996898 0.075233 -3.184366 -0.044048 -0.076195 0.996120 2.416552
89.750000 0.998725 0.019844 0.046409 -4.230120 -0.023773 0.996038 0.085689 -4.008669 -0.044525 -0.086683 0.995240 2.983301
91.850000 0.998718 0.021019 0.046055 -3.671854 -0.024872 0.996090 0.084767 -4.724325 -0.044094 -0.085803 0.995336 3.403105
92.950000 0.998695 0.022104 0.046038 -2.662151 -0.025510 0.996874 0.074773 -4.722666 -0.044241 -0.075850 0.996137 3.367571
95.400000 0.998710 0.021768 0.045881 -2.268633 -0.025128 0.996944 0.073971 -3.963542 -0.044131 -0.075029 0.996204 2.840807
97.200000 0.998531 0.024422 0.048367 -3.280596 -0.027871 0.997017 0.071972 -3.885038 -0.046465 -0.073214 0.996233 2.853473
98.350000 0.998733 0.020494 0.045962 -4.280488 -0.024912 0.994902 0.097721 -3.882995 -0.043725 -0.098743 0.994152 2.889852
99.450000 0.998710 0.020429 0.046480 -5.282113 -0.023805 0.997027 0.073288 -3.841502 -0.044844 -0.074300 0.996227 2.937889
100.550000 0.998631 0.020234 0.048235 -6.282036 -0.023690 0.997110 0.072182 -3.803944 -0.046635 -0.073226 0.996224 2.983136
102.550000 0.998761 0.019079 0.045963 -6.283221 -0.022386 0.997114 0.072539 -4.660607 -0.044446 -0.073479 0.996306 3.557018
103.550000 0.998782 0.019572 0.045295 -6.275167 -0.022857 0.997057 0.073170 -5.478050 -0.043730 -0.074117 0.996290 4.133172
104.600000 0.998772 0.019724 0.045439 -6.270177 -0.022896 0.997258 0.070374 -6.337279 -0.043926 -0.071328 0.996485 4.719818
105.600000 0.998953 0.018999 0.041610 -6.268625 -0.022124 0.996864 0.075977 -7.195782 -0.040036 -0.076818 0.996241 5.285842
108.150000 0.998767 0.021802 0.044593 -5.822590 -0.025332 0.996457 0.080194 -7.965808 -0.042687 -0.081225 0.995781 5.749372
109.350000 0.998778 0.023017 0.043743 -4.716648 -0.026181 0.996974 0.073188 -7.946115 -0.041927 -0.074244 0.996358 5.705597
110.500000 0.998747 0.024503 0.043634 -3.667248 -0.027748 0.996769 0.075383 -7.986578 -0.041646 -0.076499 0.996200 5.660803
112.450000 0.998540 0.026419 0.047118 -3.277114 -0.029626 0.997196 0.068721 -7.198711 -0.045171 -0.070016 0.996523 5.161484
121.750000 0.998705 0.026624 0.043351 -2.323346 -0.029797 0.996793 0.074264 -6.995532 -0.041235 -0.075459 0.996296 4.908131
137.650000 0.998779 0.026739 0.041528 -2.824448 -0.029395 0.997471 0.064711 -6.262268 -0.039693 -0.065853 0.997040 4.445923
138.700000 0.998692 0.027528 0.043092 -2.825919 -0.030702 0.996724 0.074829 -5.432534 -0.040891 -0.076054 0.996265 3.871794
139.700000 0.998706 0.027326 0.042883 -2.824106 -0.030443 0.996808 0.073798 -4.600084 -0.040729 -0.075008 0.996351 3.304281
